a 1 8 1526
a 1 2 1625
a 1 9 2520
a 2 1 1625
a 2 11 2685
a 3 4 2460
a 4 5 2376
a 4 3 2460
a 5 12 2211
a 5 4 2376
a 6 9 5088
a 6 10 2851
a 7 21 1867
a 7 22 2657
a 8 1 1526
a 9 1 2520
a 9 6 5088
a 9 11 1867
a 9 14 2683
a 10 6 2851
a 10 23 1278
a 10 21 934
a 11 2 2685
a 11 13 2698
a 11 9 1867
a 12 16 1451
a 12 5 2211
a 12 20 1928
a 13 11 2698
a 13 14 1526
a 13 16 1278
a 13 18 3066
a 14 9 2683
a 14 13 1526
a 14 17 3024
a 14 23 3900
a 15 16 738
a 16 15 738
a 16 13 1278
a 16 12 1451
a 16 19 2528
a 17 14 3024
a 17 29 523
a 17 24 3900
a 18 13 3066
a 18 30 1512
a 19 16 2528
a 19 37 336
a 20 12 1928
a 21 7 1867
a 21 10 934
a 21 25 2566
a 22 7 2657
a 22 25 2211
a 23 10 1278
a 23 14 3900
a 23 24 3024
a 24 23 3024
a 24 27 1624
a 24 17 3900
a 24 32 1844
a 25 21 2566
a 25 27 1111
a 25 22 2211
a 26 28 5425
a 26 41 1877
a 27 25 1111
a 27 24 1624
a 27 28 2181
a 28 27 2181
a 28 35 2520
a 28 26 5425
a 29 17 523
a 30 18 1512
a 30 31 4659
a 31 30 4659
a 31 37 3383
a 31 50 1378
a 31 48 2016
a 32 24 1844
a 32 33 3051
a 32 34 2683
a 33 32 3051
a 33 36 1008
a 33 34 1394
a 34 32 2683
a 34 35 1742
a 34 33 1394
a 34 46 2698
a 35 28 2520
a 35 41 5805
a 35 34 1742
a 35 44 2347
a 36 33 1008
a 37 19 336
a 37 38 672
a 37 31 3383
a 38 37 672
a 38 39 709
a 39 38 709
a 39 54 939
a 40 56 8710
a 41 26 1877
a 41 35 5805
a 42 43 2508
a 43 42 2508
a 43 44 2903
a 43 45 6404
a 44 43 2903
a 44 35 2347
a 44 46 1017
a 44 47 778
a 45 43 6404
a 45 49 1292
a 45 52 860
a 45 53 2789
a 46 34 2698
a 46 44 1017
a 46 48 573
a 46 49 1189
a 47 44 778
a 48 46 573
a 48 31 2016
a 48 50 1146
a 49 46 1189
a 49 45 1292
a 50 31 1378
a 50 48 1146
a 50 51 1899
a 51 50 1899
a 51 55 1545
a 52 45 860
a 53 45 2789
a 54 39 939
a 54 55 551
a 55 51 1545
a 55 54 551
a 55 57 276
a 55 58 3085
a 56 40 8710
a 56 58 1877
a 57 55 276
a 57 59 1702
a 58 55 3085
a 58 56 1877
a 59 57 1702
