a 1 8 610
a 1 2 650
a 1 9 1008
a 2 1 650
a 2 11 1074
a 3 4 984
a 4 5 951
a 4 3 984
a 5 12 884
a 5 4 951
a 6 9 2035
a 6 10 1140
a 7 21 747
a 7 22 1063
a 8 1 610
a 9 1 1008
a 9 6 2035
a 9 11 747
a 9 14 1073
a 10 6 1140
a 10 23 511
a 10 21 373
a 11 2 1074
a 11 13 1079
a 11 9 747
a 12 16 581
a 12 5 884
a 12 20 771
a 13 11 1079
a 13 14 610
a 13 16 511
a 13 18 1226
a 14 9 1073
a 14 13 610
a 14 17 1210
a 14 23 1560
a 15 16 738
a 16 15 738
a 16 13 511
a 16 12 581
a 16 19 2528
a 17 14 1210
a 17 29 209
a 17 24 1560
a 18 13 1226
a 18 30 605
a 19 16 2528
a 19 37 336
a 20 12 771
a 21 7 747
a 21 10 373
a 21 25 1026
a 22 7 1063
a 22 25 884
a 23 10 511
a 23 14 1560
a 23 24 1210
a 24 23 1210
a 24 27 650
a 24 17 1560
a 24 32 738
a 25 21 1026
a 25 27 445
a 25 22 884
a 26 28 2170
a 26 41 751
a 27 25 445
a 27 24 650
a 27 28 873
a 28 27 873
a 28 35 1008
a 28 26 2170
a 29 17 209
a 30 18 605
a 30 31 1864
a 31 30 1864
a 31 37 1353
a 31 50 551
a 31 48 806
a 32 24 738
a 32 33 1220
a 32 34 1073
a 33 32 1220
a 33 36 403
a 33 34 557
a 34 32 1073
a 34 35 697
a 34 33 557
a 34 46 1079
a 35 28 1008
a 35 41 2322
a 35 34 697
a 35 44 939
a 36 33 403
a 37 19 336
a 37 38 672
a 37 31 1353
a 38 37 672
a 38 39 709
a 39 38 709
a 39 54 939
a 40 56 3484
a 41 26 751
a 41 35 2322
a 42 43 1505
a 43 42 1505
a 43 44 1742
a 43 45 2561
a 44 43 1742
a 44 35 939
a 44 46 610
a 44 47 311
a 45 43 2561
a 45 49 517
a 45 52 344
a 45 53 1116
a 46 34 1079
a 46 44 610
a 46 48 344
a 46 49 476
a 47 44 311
a 48 46 344
a 48 31 806
a 48 50 688
a 49 46 476
a 49 45 517
a 50 31 551
a 50 48 688
a 50 51 1140
a 51 50 1140
a 51 55 927
a 52 45 344
a 53 45 1116
a 54 39 939
a 54 55 551
a 55 51 927
a 55 54 551
a 55 57 276
a 55 58 1234
a 56 40 3484
a 56 58 751
a 57 55 276
a 57 59 1702
a 58 55 1234
a 58 56 751
a 59 57 1702
